t = 0:0.1:2*pi;
Vs = 240.67*cosd(21.45) + i * 240.67*sind(21.45);
Z1 = 2 - i*10;
Z2 = 60 + i*20;
Z3 = (Z1)*(Z2)/(Z1 + Z2);
R1 = 20;
Z = R1 + Z3;
I = Vs/Z
I1 = I * (Z2)/ (Z1 + Z2);
I2 = I * (Z1)/ (Z1 + Z2);
Pr1 = I * R1 * I
Pr2 = I1* 2 * I1
Pc = I1 * (-i*10) * I1
Pr3 = I2 * 60 * I2
Pl = I2 * (i*20) * I2